# wavelength[nm]
4.099100000000000250e+02
4.338899999999999864e+02
4.632099999999999795e+02
4.860699999999999932e+02
4.867400000000000091e+02
4.931200000000000045e+02
5.011700000000000159e+02
5.145700000000000500e+02
5.426599999999999682e+02
5.453300000000000409e+02
5.640000000000000000e+02
5.813099999999999454e+02
5.832999999999999545e+02
5.889500000000000455e+02
5.929400000000000546e+02
5.972500000000000000e+02
6.018999999999999773e+02
6.028999999999999773e+02
6.131699999999999591e+02
6.558200000000000500e+02
6.564800000000000182e+02
6.571399999999999864e+02
6.577999999999999545e+02
6.584600000000000364e+02
6.591200000000000045e+02
6.597699999999999818e+02
7.769500000000000455e+02
