350.9836837627613, 0.03989361047353973
356.6882899854156, 0.04042454630481862
360.2736084103062, 0.04444199834124685
365.3528095122346, 0.04568792404904454
370.13323407875544, 0.04755097303895084
372.61611772808294, 0.05126169555914034
377.30387092853664, 0.05571149078841209
381.1973026555663, 0.058815921200996435
384.4745077783179, 0.06269417422384971
387.57718718447325, 0.06659063266437548
390.2317017875173, 0.07015091981096527
393.8859686436558, 0.07405658175750301
395.72962966178204, 0.078041346444582
398.32618387324874, 0.08229103803262611
401.5784516285853, 0.08590468882404828
406.4345831307729, 0.08978301320160581
409.43383989005645, 0.09321287557702918
412.50517910019, 0.09670464909113802
415.8460439961108, 0.10072512056344773
420.70690839908747, 0.10378690782688088
425.2575048614487, 0.1076582123535561
430.6056048452438, 0.1096877789208161
434.93039519526815, 0.11315473959424205
440.04694336412246, 0.11278093090738084
445.1261444660508, 0.11394597044588262
448.29621414681566, 0.11772498911462043
452.7876284811445, 0.11761162112535545
457.0772058823529, 0.11621922293441278
460.44938910177575, 0.11761075417009675
463.11983471074376, 0.12031101982817755
464.28202479338836, 0.12268210196648482
467.02038770053485, 0.12320875540748116
468.86790701128933, 0.12031230000833731
471.78037537328976, 0.11746938630660841
475.57147342408035, 0.11658603313070898
477.64797034516283, 0.12109491942581113
478.4661991205197, 0.12479915203814013
480.5526859504133, 0.12771519656681807
484.814049586777, 0.1250455280436416
486.20791808458915, 0.12206892502656508
488.64792645708417, 0.1156321188024802
491.0123966942149, 0.11852133897363865
493.1717096406267, 0.12128795459404695
495.021825879112, 0.12589497703541946
496.8604507123892, 0.13012828353643324
497.21074380165305, 0.1333410234214224
499.09924683290916, 0.13609263886935985
501.4721074380167, 0.1312642402737399
503.42001017865834, 0.12768853864977836
505.2922692837465, 0.12296160849621435
508.6908523740074, 0.12080257898573155
510.81963518878626, 0.1244883802108454
511.15702479338825, 0.12740665730245299
511.7084953816237, 0.13001513498206269
513.2770721925134, 0.13424986723489257
514.4423006806028, 0.13895725884935262
518.1301652892562, 0.1410402647568027
521.2483288770055, 0.13892060316311217
521.4635492626803, 0.13527260411522601
522.1606945119645, 0.13005672947826008
523.0072280289526, 0.12565528661063735
524.2329779178041, 0.12123610700888915
529.0076567817209, 0.12238270365311388
531.2484807972776, 0.12788116195829924
532.1275732956883, 0.13462097330907247
533.085956490034, 0.1401921073875767
533.2652224112786, 0.1453704834043016
536.4023760330579, 0.1496248605095683
541.2914466124541, 0.14338759167949
541.4343897776993, 0.14724130186355633
542.0044360719495, 0.13872249882787213
542.8111327175499, 0.13406672194242747
543.8251055845892, 0.12861566288549325
549.054413167047, 0.12813792673383673
551.2732990453883, 0.13244063091686614
551.4607134175985, 0.1382633811907641
552.1180217954951, 0.14347912873663832
552.8069169299952, 0.1503193647096534
554.7628904350997, 0.15560742340996525
556.345709771512, 0.1606223464992766
558.6055238210986, 0.16460225509903126
561.1311983471076, 0.1614778137555941
562.1469541673418, 0.15840997317422933
563.2175700858857, 0.15501821982427055
564.603842570086, 0.1501364427189718
565.3090058337385, 0.1450363083445903
566.4742343218279, 0.14053900111640394
567.9552037757252, 0.13626876915916802
568.978513409496, 0.13329255479978402
571.0326020904229, 0.13813921055020856
571.2035123966944, 0.13479399070656262
573.0622569275645, 0.1417995723854662
574.227485415654, 0.14610876848983811
574.6084254982985, 0.1504875777555576
575.9016468157511, 0.15478070228638624
576.4811141398709, 0.15957351694761152
577.4094555177444, 0.16521926221408118
578.305785123967, 0.17119347364921872
578.9372900738057, 0.1762952880445483
580.8884297520661, 0.17896012315029564
584.7334734116153, 0.17782425178827121
586.1113221114892, 0.17338522686640567
586.8209163830822, 0.1684336995912925
587.2690811861935, 0.16461827599674123
588.0907166585644, 0.16041927489821817
588.7969157422549, 0.15587066427840507
591.2309086857883, 0.1501144867368599
594.6967164965159, 0.14856493038408658
596.6964936801166, 0.1534160154911441
597.8699024905577, 0.15935550900783302
598.3387518230434, 0.16486015311935492
599.593613271755, 0.17007906669552159
600.265860476422, 0.17488001000632192
600.938107681089, 0.17900554514331246
601.1825612100588, 0.1830113057450778
603.1371536217792, 0.18786786022758506
603.7448347107438, 0.19140168188351359
606.5121574197861, 0.19403914597358457
610.1254861448713, 0.19032285980164787
610.1815067452601, 0.18666477364299777
610.8973255280074, 0.1826825356097917
612.0974112785611, 0.17870772713341704
613.5365182574408, 0.1743365339138357
614.3830517744288, 0.17033900228132615
616.8479581915411, 0.16597121409077142
620.0598059471723, 0.16366079167555375
622.7114476989143, 0.1682408972034981
623.6949204612976, 0.17324653098031328
624.556392805056, 0.17760538342995397
625.4377835845082, 0.1822576352246547
626.2797901842931, 0.1869234124817391
627.0997280627128, 0.19156646546437894
628.7243254739913, 0.19579688878091017
628.9804196471978, 0.1992605169231807
630.85310828877, 0.20267968553677923
634.294373741232, 0.20668090135026684
635.8987603305785, 0.2032466803318852
636.3057800599579, 0.1997625105676996
637.1946402527954, 0.1949533292517021
638.5839511424406, 0.19089134922049383
639.1950849648649, 0.18629477398303063
640.4988371193707, 0.18149304964481566
641.884073783533, 0.17620805452897326
642.8415167719982, 0.17218393557811856
645.2690761221845, 0.16930367958705556
649.7283159131423, 0.17178825742764037
651.2446068303354, 0.17676510197926837
652.3555238210988, 0.1812335507515332
652.9302888510775, 0.1858195811460016
654.2279411764706, 0.1907379824459428
655.7256218603145, 0.19483931121923942
656.2002753262781, 0.1993661219021569
658.3032024793389, 0.20299724769438815
660.3433651353105, 0.2056996240283509
663.6811801166748, 0.20436237510512328
665.3224254577867, 0.19966572546153344
666.8183337384542, 0.19544460408416142
668.3122164154918, 0.1910810101808067
669.8807932263815, 0.18689838471320985
671.6585136120564, 0.18257659393788883
673.1424370712473, 0.17875218736502657
674.9226472613841, 0.17512199833364084
676.5754132231405, 0.17417921920425966
679.6082677349389, 0.17603246395798938
681.3587917949549, 0.1805208145517978
683.5226582180582, 0.18474959578726569
684.7449258629072, 0.18854598715854232
686.2523892915544, 0.1929479841964924
688.0101265712897, 0.19855538068092038
689.2283268202386, 0.2033586206066081
692.0712809917356, 0.20529957656877806
695.2767987360234, 0.20549070668266667
697.4371740619615, 0.20072501655383274
698.8621171609141, 0.1959793779984183
700.206611570248, 0.19102315421072563
701.0780431318533, 0.187081870289886
703.4415638672826, 0.18295645474108946
705.6018263153959, 0.17901635039505004
708.4603133608816, 0.17520876752707593
712.8192496006668, 0.17724225100241653
715.0280618445727, 0.18172413943813903
716.8847446003196, 0.18657360652138238
718.5609973703982, 0.19045666778020287
720.5981101118134, 0.1949470368367897
722.3015161643171, 0.19854488876753956
725.7330153135636, 0.20100793245997006
728.6650765678173, 0.19926662997969646
730.8244160737173, 0.19526756110459348
732.2096527378797, 0.1912930434675616
733.3708070004863, 0.1872376673164612
734.7153014098202, 0.18357192722334426
735.9851016853023, 0.17948944503718045
737.5061458655589, 0.17511025205707592
739.6700122886622, 0.17125734451450536
741.6799694289667, 0.16805986752053415
743.2461672685603, 0.16574161725211767
747.0816115702482, 0.166740283947996
749.8789552889704, 0.16923794737464837
752.8404750329886, 0.1741742351727874
755.0660576965573, 0.17940569349033159
757.554469260686, 0.18358598261995146
759.0909090909091, 0.18630075458138706
762.139539938671, 0.18673527115639232
764.1270661157026, 0.1851129932544998
765.4145904229462, 0.18287390611399246
766.9831672338357, 0.17905803966884515
768.775826446281, 0.17526351862242306
770.0954228109978, 0.17126437107729459
771.4444441375349, 0.1669909004014845
773.2126579970833, 0.16206272691964785
774.5272747528765, 0.15771635104746407
775.6476867606548, 0.15453415459951342
778.2003090492398, 0.15009190275757517
781.9966881380652, 0.14589570421110998
785.0464876033059, 0.14449207648711332
787.3106422320996, 0.14542929396344506
789.6857529168692, 0.14805554736573862
792.6032551450334, 0.15150669211801604
795.4008899765768, 0.15543047078602107
797.467868862421, 0.15899477720664762
799.3915593096742, 0.1621547341599398
802.8667355371903, 0.16286447955117112
805.883872143899, 0.1606265978649979
807.9902467185223, 0.15695626983970679
810.109534516286, 0.15303831987708028
811.5285648091883, 0.1496760771192338
812.782162690251, 0.1454182840163209
814.9368011667478, 0.14088662112020855
816.3330068995176, 0.1361310257104345
817.9992606546751, 0.1314830429954788
819.3288162372388, 0.12720143943557244
821.538613458734, 0.122648650522107
824.3482620320857, 0.11839152320108792
827.2613332523093, 0.11535584141252964
832.1911460865339, 0.11471477088981813
837.2243815676304, 0.11728725593631822
840.6465220385676, 0.12112862921317558
843.2608167233836, 0.12484281716149048
847.428749392319, 0.12809913302163067
851.2941708191543, 0.12745535162062827
853.9879071463297, 0.12500278320340658
855.5185038891592, 0.12164935506141505
856.5550144738587, 0.1190386996941376
858.8320538270406, 0.11458646231048208
860.6496110841032, 0.11066809071405659
861.6477963273966, 0.10656601395465498
863.3385999027712, 0.1030579689328448
864.2422333682363, 0.09996232682875011
866.0916122647407, 0.09638050569017342
867.1745867768626, 0.09406435787083689
868.6648662166712, 0.09127707342579755
871.405566358775, 0.08710790758827958
874.094555177443, 0.08302010135383986
877.0972593582889, 0.08026393505210216
881.9374392318912, 0.07959016444138506
886.8672520661158, 0.08071057644916335
891.7970649003404, 0.0832807041678757
896.726877734565, 0.08650554220765505
900.5716292397443, 0.0888826367212242
904.7520661157027, 0.0881206513572666
906.8723897335044, 0.085674557424531
908.6032450170152, 0.08293501499266948
911.0681514341275, 0.07903305839166758
913.5126867238257, 0.07524412531458369
915.5497994652408, 0.07200094520830258
917.5665410792417, 0.06837780734251703
919.3840983363044, 0.06437846297490146
921.7833644539711, 0.0600889888415953
924.3407244493475, 0.05609016811814199
928.456945794847, 0.05231088658268984
931.2355675741372, 0.0485379541513522
936.1653804083618, 0.04675787077113225
941.0951932425864, 0.04519449007390175
946.3352740174265, 0.04571402876690972
950.9811815465127, 0.04610107049296697
955.8501575296362, 0.047576671999688847
960.782432807834, 0.04739742957663923
966.2156850085076, 0.04596597835824673
970.4499878463783, 0.043566376428891385
973.0109295784431, 0.0398395280146816
976.724295089937, 0.036773615135630655
980.2647970345165, 0.03313701461172791
982.7400457163159, 0.02959448509272755
985.7996323529413, 0.02685467405835862
990.3933215848324, 0.024489276170158503
995.323134419057, 0.02155671952371263
1000.1495246064097, 0.01944702833877998
1005.1827600875063, 0.017343970374466167
1010.1125729217308, 0.016375544691221267
1015.0423857559555, 0.015703297486554302
1019.97219859018, 0.015670172261976423
1024.9020114244045, 0.01552792865055419
1029.8318242586292, 0.014684209695131567
1034.7616370928538, 0.013824902398731131
1039.6914499270783, 0.012139413030508084
1044.6212627613031, 0.010578630390107313
1049.6544982423995, 0.009011588664843972
1054.4808884297522, 0.007301181699527981
1059.410701263977, 0.005678045695216072
1064.3405140982013, 0.004039321349926461
1069.270326932426, 0.003242367417437164
1074.2001397666506, 0.003037770442103682
1079.1299526008752, 0.002318758214503336
1084.0597654351, 0.0019894545113476325
1088.9895782693243, 0.001566620762325166
1093.919391103549, 0.001120404501836092
1098.1769567331066, 0.0010251916237047909
